insert: 1.989e-07 5.9255e-07 1.35143e-06 2.85172e-06 5.5629e-06 
remove: 1.562e-07 2.0095e-07 5.18867e-07 4.721e-07 2.96812e-06 
search: 1.617e-07 1.849e-07 2.91867e-07 4.5355e-07 1.02698e-06 
depth:  (5.5,5,7) (13.4,10,16) (21.7667,4,27) (31.05,28,37) (40.38,36,48) 